0 0.871688 0.448642 0.056817 0.121235
0 0.781913 0.386296 0.050514 0.103951
0 0.699823 0.330864 0.046913 0.110864
0 0.642524 0.359444 0.049614 0.095309
0 0.573939 0.368951 0.044212 0.110864
0 0.444920 0.388025 0.053248 0.100494
0 0.353794 0.351667 0.056849 0.103951
0 0.299662 0.358580 0.040611 0.103951
0 0.228826 0.336080 0.046913 0.079691
0 0.204019 0.516204 0.056849 0.121296
0 0.300547 0.553457 0.058650 0.112593
0 0.213039 0.741389 0.065884 0.131667
0 0.345225 0.767346 0.057717 0.117778
0 0.415145 0.777778 0.060450 0.117778
0 0.474695 0.635710 0.049646 0.128210
0 0.557251 0.639198 0.050514 0.124691
0 0.612283 0.583765 0.057749 0.107407
0 0.683569 0.599352 0.055949 0.121296
0 0.774695 0.513611 0.054148 0.109074
0 0.753939 0.945772 0.054116 0.072778
